1024
1025
1026
1027
1028
1029
1030
1032
1033
1034
1036
1037
1040
1041
1042
1043
1044
1045
1046
1048
1049
1052
1054
1056
1057
1058
1059
1060
1062
1064
1065
1066
1068
1069
1070
1072
1074
1075
1076
1077
1078
1080
1081
1084
1086
1088
1089
1090
1091
1094
1097
1098
1100
1101
1102
1104
1106
1107
1109
1112
1113
1118
1120
1139
1150
1153
1154
1157
1159
1161
1162
1163
1165
1167
1169
1170
1171
1173
1174
1175
1177
1178
1179
1180
1181
1182
1183
1185
1186
1189
1191
1194
1195
1197
1199
1201
1203
1205
1206
1207
1209
1210
1211
1212
1213
1218
1221
1226
1227
1229
1233
1237
1239
1241
1242
1243
1244
1245
1246
1250
1262
1269
1274
1280
1281
1282
1283
1284
1285
1286
1288
1289
1290
1292
1293
1296
1297
1298
1299
1300
1301
1302
1304
1305
1306
1308
1310
1312
1313
1314
1315
1316
1317
1318
1320
1321
1322
1324
1326
1328
1329
1330
1331
1332
1333
1334
1336
1337
1338
1340
1341
1342
1345
1347
1349
1350
1352
1353
1356
1360
1361
1362
1363
1364
1365
1366
1369
1370
1373
1381
1392
1402
1409
1410
1413
1414
1415
1417
1418
1419
1421
1422
1423
1425
1426
1427
1429
1430
1431
1433
1434
1436
1437
1438
1439
1441
1442
1445
1446
1447
1449
1450
1451
1453
1454
1457
1458
1459
1461
1462
1463
1465
1466
1468
1469
1470
1471
1473
1474
1479
1482
1483
1486
1489
1490
1494
1497
1498
1499
1500
1501
1502
1531
1534
1536
1537
1538
1542
1544
1548
1550
1552
1554
1556
1558
1562
1566
1568
1574
1576
1580
1584
1586
1588
1590
1594
1596
1598
1600
1602
1606
1614
1616
1620
1622
1630
1632
1638
1646
1662
1665
1666
1667
1669
1671
1673
1675
1677
1679
1685
1689
1691
1692
1693
1694
1695
1697
1698
1701
1703
1705
1707
1709
1711
1713
1715
1721
1723
1724
1725
1727
1730
1731
1735
1737
1739
1743
1745
1747
1753
1755
1757
1759
1763
1767
1771
1777
1779
1785
1792
1794
1798
1804
1806
1808
1812
1814
1818
1820
1822
1824
1830
1836
1838
1840
1842
1844
1852
1854
1858
1862
1868
1870
1872
1874
1876
1882
1886
1900
1904
1918
1921
1923
1929
1931
1933
1934
1935
1937
1941
1943
1945
1947
1950
1951
1953
1963
1965
1967
1969
1971
1975
1977
1979
1980
1982
1985
1987
1995
1997
1999
2001
2009
2011
2012
2013
2015
2017
2019
2045
